   1.2500060e+01
   1.2054997e+01
   1.4033005e+01
   9.8764136e+00
   1.3099457e+01
   1.3753894e+01
   1.3523340e+01
   1.3309000e+01
   1.2556440e+01
   1.3447925e+01
   1.3296460e+01
   1.2142096e+01
   1.1971543e+01
   1.2085758e+01
   1.0434812e+01
   1.2172394e+01
   1.2665823e+01
   1.2940733e+01
   1.4520912e+01
   1.2008635e+01
   1.3372527e+01
   1.3618668e+01
   1.3817246e+01
   1.1111072e+01
   1.2796849e+01
   1.2833035e+01
   1.1089131e+01
   1.1461137e+01
   1.4015213e+01
   1.2315900e+01
   1.3045833e+01
   1.2623182e+01
   1.1610349e+01
   1.1716597e+01
   1.3121115e+01
   1.1170135e+01
   1.3593654e+01
   1.3296545e+01
   1.1349600e+01
   1.2128150e+01
   1.0837112e+01
   9.4167510e+00
   1.3880872e+01
   1.1773911e+01
   1.2958315e+01
   1.2827680e+01
   1.2530053e+01
   1.1094478e+01
   1.1173996e+01
   1.1975799e+01
   1.0839759e+01
   1.1021736e+01
   1.4561472e+01
   1.2578041e+01
   1.0795756e+01
   1.2442282e+01
   1.0920319e+01
   1.0611011e+01
   1.2134458e+01
   1.3834852e+01