   5.5577092e+00
   6.9059083e+00
   4.3189457e+00
   5.1498133e+00
   6.5324211e+00
   6.5704546e+00
   6.5689830e+00
   3.1158657e+00
   5.2788308e+00
   4.6506988e+00
   4.7175260e+00
   6.0752385e+00
   5.8652421e+00
   7.1765175e+00
   4.4035386e+00
   4.2235727e+00
   6.4603660e+00
   3.5702736e+00
   4.0486560e+00
   6.2122294e+00
   5.1729531e+00
   6.6855485e+00
   6.0593144e+00
   6.8803548e+00
   6.0272388e+00
   6.2425772e+00
   6.6220718e+00
   6.8618092e+00
   6.7610449e+00
   5.8356247e+00
   5.4791554e+00
   6.0246648e+00
   6.1919284e+00
   6.0559261e+00
   6.6505681e+00
   5.9931637e+00
   6.5703896e+00
   6.5800993e+00
   2.4731314e+00
   4.5424205e+00
   6.8682861e+00
   5.0382362e+00
   6.4506682e+00
   6.7429618e+00
   6.1789316e+00
   5.7584795e+00
   4.8785119e+00
   6.3144155e+00
   7.1707702e+00
   3.5686928e+00
   6.4063098e+00
   5.9087258e+00
   5.7179480e+00
   6.9218976e+00
   5.8702710e+00
   5.9550470e+00
   5.4290354e+00
   6.4048065e+00
   2.4589385e+00
   3.3637672e+00
   3.6541267e+00
   5.2495863e+00
   6.4864901e+00
   7.0238023e+00
   5.5475283e+00
   6.2855138e+00
   6.0823321e+00
   5.8473040e+00
   3.1846766e+00
   6.0057800e+00
   5.8316820e+00
   5.0317684e+00
   5.4214653e+00
   5.1779550e+00
   6.7844814e+00
   4.9433154e+00
   4.2624243e+00
   5.2399432e+00
   6.7628087e+00
   5.3486912e+00
   5.9228988e+00
   6.1713988e+00
   6.3348032e+00
   6.3877926e+00
   4.8447291e+00
   4.9597521e+00
   6.4034657e+00
   6.0973865e+00
   6.4748160e+00
   4.3669816e+00
   5.4538173e+00
   3.9651673e+00
   5.9423344e+00
   5.8151515e+00
   5.5830208e+00
   6.3443377e+00
   6.1487847e+00
   5.8317883e+00
   6.1993698e+00
   5.0699942e+00
   6.5678158e+00
   7.1852439e+00
   6.3819755e+00
   5.7391775e+00
   5.2790606e+00
   4.9435417e+00
   2.5544538e+00
   6.3996690e+00
   6.3414303e+00
   5.4133797e+00
   6.5662226e+00
   6.4501285e+00
   6.7826803e+00
   3.5087438e+00
   6.5923819e+00
   3.2070736e+00
   6.5164832e+00
   6.6953016e+00
   5.0528867e+00
   6.3480802e+00